,(cid:274)(cid:469)(cid:11)(cid:9)(cid:11)(cid:12)(cid:248)(cid:10)(cid:11)(cid:337)(cid:12)(cid:10)(cid:325)(cid:359)(cid:248)(cid:249),,,,,,
,"(cid:565)(cid:338)(cid:419)(cid:295)(cid:164)(cid:470)(cid:349)(cid:357)(cid:75)(cid:209)(cid:570)(cid:104)(cid:187)(cid:165)
(cid:565)(cid:338)(cid:548)(cid:266)(cid:164)(cid:470)(cid:349)(cid:357)(cid:75)(cid:280)(cid:519)(cid:173)(cid:442)",,,(cid:132)(cid:84)(cid:209)(cid:570)(cid:173)(cid:442),,,
,"(cid:341)(cid:101)(cid:396)(cid:554)
(cid:378)(cid:165)(cid:583)(cid:570)
(cid:503)(cid:314)(cid:396)(cid:110)
(cid:94)(cid:494)",(cid:173)(cid:442)(cid:339)(cid:152)(cid:306)(cid:415),,"(cid:341)(cid:101)(cid:396)(cid:554)
(cid:378)(cid:165)(cid:583)(cid:570)
(cid:503)(cid:314)(cid:396)(cid:110)
(cid:94)(cid:494)",(cid:173)(cid:442)(cid:339)(cid:152)(cid:306)(cid:415),,
,,"(cid:271)(cid:402)
(cid:271)(cid:402) (cid:449)(cid:106)(cid:493)
(cid:130)(cid:121)(cid:110) (cid:534)(cid:387)
(cid:494)(cid:437)(cid:372)(cid:413) (cid:494)(cid:437)(cid:372)(cid:413)
(cid:173)(cid:442) (cid:173)(cid:442) (cid:132)(cid:84)(cid:173)(cid:442)(cid:11) (cid:452)(cid:494)",,,"(cid:271)(cid:402)
(cid:271)(cid:402) (cid:449)(cid:106)(cid:493)
(cid:130)(cid:121)(cid:110) (cid:534)(cid:387)
(cid:494)(cid:437)(cid:372)(cid:413) (cid:494)(cid:437)(cid:372)(cid:413)
(cid:173)(cid:442) (cid:173)(cid:442) (cid:132)(cid:84)(cid:173)(cid:442)(cid:11)",(cid:452)(cid:494),(cid:452)(cid:494)
,(cid:412)(cid:475)(cid:458)(cid:122),(cid:412)(cid:475)(cid:458)(cid:122) (cid:412)(cid:475)(cid:458)(cid:122) (cid:412)(cid:475)(cid:458)(cid:122) (cid:412)(cid:475)(cid:458)(cid:122) (cid:412)(cid:475)(cid:458)(cid:122) (cid:412)(cid:475)(cid:458)(cid:122) (cid:412)(cid:475)(cid:458)(cid:122) (cid:412)(cid:475)(cid:458)(cid:122) (cid:412)(cid:475)(cid:458)(cid:122) (cid:412)(cid:475)(cid:458)(cid:122),,,,,
(cid:633)(cid:238)(cid:1063)(cid:778),(cid:3)(cid:10)(cid:17)(cid:4) (cid:12)(cid:1) (cid:58)(cid:1) (cid:10)(cid:9)(cid:1) (cid:3)(cid:14)(cid:4) (cid:3)(cid:12)(cid:9)(cid:17)(cid:4) (cid:17)(cid:15)(cid:1) (cid:58)(cid:1) (cid:18)(cid:10)(cid:1) (cid:3)(cid:10)(cid:12)(cid:10)(cid:4),,,,,,(cid:1) (cid:3)(cid:10)(cid:12)(cid:15)(cid:4)
(cid:633)(cid:238)(cid:1051)(cid:202),(cid:18)(cid:15)(cid:5)(cid:10)(cid:16)(cid:13)(cid:1) (cid:13)(cid:5)(cid:12)(cid:15)(cid:13)(cid:1) (cid:16)(cid:18)(cid:11)(cid:1) (cid:12)(cid:5)(cid:17)(cid:10)(cid:14)(cid:1) (cid:10)(cid:9)(cid:14)(cid:5)(cid:10)(cid:13)(cid:14)(cid:1) (cid:12)(cid:5)(cid:10)(cid:15)(cid:11)(cid:1) (cid:12)(cid:11)(cid:14)(cid:1) (cid:10)(cid:17)(cid:1) (cid:10)(cid:15)(cid:15)(cid:1) (cid:12)(cid:5)(cid:15)(cid:16)(cid:10)(cid:1),,,,,,(cid:10)(cid:9)(cid:17)(cid:5)(cid:17)(cid:10)(cid:15)(cid:1)
"(cid:322)(cid:11)(cid:9)(cid:11)(cid:12)(cid:248)(cid:10)(cid:337)(cid:10)(cid:325)(cid:413)(cid:340)(cid:139)
(cid:448)(cid:584)(cid:380)(cid:581)",(cid:18)(cid:15)(cid:5)(cid:10)(cid:14)(cid:15)(cid:1) (cid:13)(cid:5)(cid:12)(cid:15)(cid:16)(cid:1) (cid:16)(cid:18)(cid:11)(cid:1) (cid:12)(cid:5)(cid:17)(cid:11)(cid:14)(cid:1) (cid:10)(cid:9)(cid:14)(cid:5)(cid:10)(cid:13)(cid:9)(cid:1) (cid:11)(cid:5)(cid:17)(cid:14)(cid:13)(cid:1) (cid:13)(cid:10)(cid:10)(cid:1) (cid:10)(cid:17)(cid:1) (cid:11)(cid:14)(cid:16)(cid:1) (cid:12)(cid:5)(cid:14)(cid:13)(cid:9)(cid:1),,,,,,(cid:10)(cid:9)(cid:17)(cid:5)(cid:15)(cid:17)(cid:9)(cid:1)
"(cid:301)(cid:415)(cid:486)(cid:165)(cid:132)(cid:84)(cid:128)(cid:575)(cid:306)(cid:415)
(cid:507)(cid:151)",,,,,,,
,,,,,,,
,(cid:58)(cid:1) (cid:3)(cid:10)(cid:17)(cid:17)(cid:4) (cid:3)(cid:16)(cid:9)(cid:4) (cid:3)(cid:16)(cid:10)(cid:16)(cid:4) (cid:3)(cid:18)(cid:16)(cid:14)(cid:4) (cid:58)(cid:1) (cid:3)(cid:15)(cid:18)(cid:4) (cid:3)(cid:15)(cid:4) (cid:3)(cid:16)(cid:15)(cid:4) (cid:3)(cid:10)(cid:14)(cid:10)(cid:4),,,,,,(cid:3)(cid:10)(cid:5)(cid:10)(cid:11)(cid:15)(cid:4)
,(cid:3)(cid:11)(cid:10)(cid:4) (cid:58)(cid:1) (cid:58)(cid:1) (cid:58)(cid:1) (cid:3)(cid:11)(cid:10)(cid:4) (cid:3)(cid:10)(cid:14)(cid:4) (cid:58)(cid:1) (cid:58)(cid:1) (cid:58)(cid:1) (cid:3)(cid:10)(cid:14)(cid:4),,,,,,(cid:1) (cid:3)(cid:12)(cid:15)(cid:4)
,(cid:11)(cid:10)(cid:1) (cid:58)(cid:1) (cid:58)(cid:1) (cid:58)(cid:1) (cid:11)(cid:10)(cid:1) (cid:3)(cid:10)(cid:11)(cid:4) (cid:58) (cid:58)(cid:1) (cid:58)(cid:1) (cid:3)(cid:10)(cid:11)(cid:4),,,,,,(cid:1) (cid:18)(cid:1)
,,,,,,,
,(cid:3)(cid:10)(cid:5)(cid:15)(cid:9)(cid:15)(cid:4)(cid:1) (cid:58)(cid:1) (cid:58)(cid:1) (cid:10)(cid:5)(cid:15)(cid:10)(cid:18)(cid:1) (cid:10)(cid:12)(cid:1) (cid:3)(cid:10)(cid:16)(cid:15)(cid:4) (cid:58) (cid:58)(cid:1) (cid:11)(cid:9)(cid:16)(cid:1) (cid:12)(cid:10)(cid:1),,,,,,(cid:13)(cid:13)(cid:1)
,(cid:3)(cid:16)(cid:16)(cid:10)(cid:4) (cid:12)(cid:15)(cid:17)(cid:1) (cid:3)(cid:12)(cid:12)(cid:4) (cid:13)(cid:12)(cid:15)(cid:1) (cid:58)(cid:1) (cid:11)(cid:10)(cid:1) (cid:11)(cid:15)(cid:1) (cid:15)(cid:1) (cid:3)(cid:14)(cid:12)(cid:4) (cid:58),,,,,,(cid:58)(cid:1)
,(cid:10)(cid:18)(cid:1) (cid:58)(cid:1) (cid:58)(cid:1) (cid:58)(cid:1) (cid:10)(cid:18)(cid:1) (cid:13)(cid:15)(cid:1) (cid:58)(cid:1) (cid:58)(cid:1) (cid:58)(cid:1) (cid:13)(cid:15)(cid:1),,,,,,(cid:15)(cid:14)(cid:1)
,,,,,,,
,(cid:10)(cid:1) (cid:58)(cid:1) (cid:58)(cid:1) (cid:58)(cid:1) (cid:10)(cid:1) (cid:10)(cid:1) (cid:58)(cid:1) (cid:58)(cid:1) (cid:58)(cid:1) (cid:10)(cid:1),,,,,,(cid:11)(cid:1)
,(cid:3)(cid:12)(cid:15)(cid:4) (cid:58)(cid:1) (cid:58)(cid:1) (cid:58)(cid:1) (cid:3)(cid:12)(cid:15)(cid:4) (cid:58) (cid:58)(cid:1) (cid:58)(cid:1) (cid:58)(cid:1) (cid:58)(cid:1),,,,,,(cid:3)(cid:12)(cid:15)(cid:4)
,(cid:3)(cid:11)(cid:5)(cid:12)(cid:18)(cid:12)(cid:4)(cid:1) (cid:10)(cid:17)(cid:9)(cid:1) (cid:3)(cid:10)(cid:9)(cid:12)(cid:4) (cid:10)(cid:5)(cid:12)(cid:12)(cid:17)(cid:1) (cid:3)(cid:18)(cid:16)(cid:17)(cid:4) (cid:3)(cid:10)(cid:12)(cid:14)(cid:4) (cid:3)(cid:13)(cid:12)(cid:4) (cid:58) (cid:16)(cid:17)(cid:1) (cid:3)(cid:10)(cid:9)(cid:9)(cid:4),,,,,,(cid:1) (cid:3)(cid:10)(cid:5)(cid:9)(cid:16)(cid:17)(cid:4)
"(cid:181)(cid:323)(cid:778)(cid:777)(cid:798)(cid:1052)(cid:259)(cid:89)(cid:580)(cid:802)(cid:90)
(cid:93)(cid:579)(cid:233)(cid:720)(cid:1218)(cid:15)",(cid:17)(cid:5)(cid:9)(cid:13)(cid:11)(cid:1) (cid:58)(cid:1) (cid:58)(cid:1) (cid:58)(cid:1) (cid:17)(cid:5)(cid:9)(cid:13)(cid:11)(cid:1) (cid:11)(cid:12)(cid:14)(cid:1) (cid:10)(cid:10)(cid:1) (cid:58)(cid:1) (cid:10)(cid:11)(cid:1) (cid:11)(cid:14)(cid:17)(cid:1),,,,,,(cid:17)(cid:5)(cid:12)(cid:9)(cid:9)(cid:1)
(cid:601)(cid:563)(cid:802)(cid:982)(cid:825)(cid:1025)(cid:122)(cid:225)(cid:146)(cid:1044)(cid:258),(cid:10)(cid:13)(cid:14)(cid:1) (cid:10)(cid:12)(cid:12)(cid:1) (cid:3)(cid:10)(cid:4) (cid:10)(cid:16)(cid:1) (cid:11)(cid:18)(cid:13)(cid:1) (cid:3)(cid:13)(cid:12)(cid:4) (cid:15)(cid:1) (cid:58)(cid:1) (cid:11)(cid:9)(cid:1) (cid:3)(cid:10)(cid:16)(cid:4),,,,,,(cid:1) (cid:11)(cid:16)(cid:16)(cid:1)
(cid:267)(cid:770)(cid:1044)(cid:258)(cid:469)(cid:1210),(cid:17)(cid:17)(cid:12)(cid:1) (cid:11)(cid:1) (cid:11)(cid:16)(cid:1) (cid:12)(cid:16)(cid:1) (cid:18)(cid:13)(cid:18)(cid:1) (cid:58)(cid:1) (cid:10)(cid:11)(cid:1) (cid:10)(cid:1) (cid:10)(cid:17)(cid:1) (cid:12)(cid:10)(cid:1),,,,,,(cid:18)(cid:17)(cid:9)(cid:1)
"(cid:301)(cid:415)(cid:486)(cid:165)(cid:132)(cid:84)(cid:128)(cid:575)(cid:306)(cid:415)
(cid:507)(cid:151)(cid:452)(cid:581)",(cid:15)(cid:5)(cid:15)(cid:16)(cid:16)(cid:1) (cid:12)(cid:10)(cid:14)(cid:1) (cid:3)(cid:16)(cid:16)(cid:4) (cid:10)(cid:5)(cid:12)(cid:18)(cid:11)(cid:1) (cid:17)(cid:5)(cid:12)(cid:9)(cid:16)(cid:1) (cid:14)(cid:16)(cid:1) (cid:3)(cid:10)(cid:13)(cid:4) (cid:10)(cid:1) (cid:10)(cid:11)(cid:17)(cid:1) (cid:10)(cid:16)(cid:11)(cid:1),,,,,,(cid:17)(cid:5)(cid:13)(cid:16)(cid:18)(cid:1)
,,,,,,,
(cid:436)(cid:580)(cid:287)(cid:181)(cid:1059),(cid:10)(cid:11)(cid:5)(cid:15)(cid:10)(cid:15)(cid:1) (cid:58)(cid:1) (cid:58)(cid:1) (cid:58)(cid:1) (cid:10)(cid:11)(cid:5)(cid:15)(cid:10)(cid:15)(cid:1) (cid:10)(cid:5)(cid:11)(cid:14)(cid:15)(cid:1) (cid:58)(cid:1) (cid:58)(cid:1) (cid:58)(cid:1) (cid:10)(cid:5)(cid:11)(cid:14)(cid:15)(cid:1),,,,,,(cid:10)(cid:12)(cid:5)(cid:17)(cid:16)(cid:11)(cid:1)
,(cid:3)(cid:17)(cid:5)(cid:14)(cid:10)(cid:16)(cid:4)(cid:1) (cid:58)(cid:1) (cid:58)(cid:1) (cid:58)(cid:1) (cid:3)(cid:17)(cid:5)(cid:14)(cid:10)(cid:16)(cid:4)(cid:1) (cid:3)(cid:10)(cid:5)(cid:10)(cid:10)(cid:10)(cid:4)(cid:1) (cid:58)(cid:1) (cid:58)(cid:1) (cid:58)(cid:1) (cid:3)(cid:10)(cid:5)(cid:10)(cid:10)(cid:10)(cid:4),,,,,,(cid:1) (cid:3)(cid:18)(cid:5)(cid:15)(cid:11)(cid:17)(cid:4)
(cid:181)(cid:1189)(cid:768)(cid:287)(cid:771)(cid:1149)(cid:714),(cid:3)(cid:14)(cid:11)(cid:11)(cid:4) (cid:58)(cid:1) (cid:58)(cid:1) (cid:58)(cid:1) (cid:3)(cid:14)(cid:11)(cid:11)(cid:4) (cid:3)(cid:11)(cid:17)(cid:11)(cid:4) (cid:58)(cid:1) (cid:58)(cid:1) (cid:58)(cid:1) (cid:3)(cid:11)(cid:17)(cid:11)(cid:4),,,,,,(cid:1) (cid:3)(cid:17)(cid:9)(cid:13)(cid:4)
(cid:396)(cid:554)(cid:378)(cid:452)(cid:581),(cid:12)(cid:5)(cid:14)(cid:16)(cid:16)(cid:1) (cid:58)(cid:1) (cid:58)(cid:1) (cid:58)(cid:1) (cid:12)(cid:5)(cid:14)(cid:16)(cid:16)(cid:1) (cid:3)(cid:10)(cid:12)(cid:16)(cid:4) (cid:58) (cid:58)(cid:1) (cid:58)(cid:1) (cid:3)(cid:10)(cid:12)(cid:16)(cid:4),,,,,,(cid:1) (cid:12)(cid:5)(cid:13)(cid:13)(cid:9)(cid:1)
"(cid:322)(cid:11)(cid:9)(cid:11)(cid:12)(cid:248)(cid:10)(cid:11)(cid:337)(cid:12)(cid:10)(cid:325)(cid:413)
(cid:340)(cid:342)(cid:448)(cid:584)(cid:380)(cid:581)",(cid:10)(cid:9)(cid:15)(cid:5)(cid:13)(cid:10)(cid:9)(cid:1) (cid:13)(cid:5)(cid:15)(cid:17)(cid:11)(cid:1) (cid:16)(cid:10)(cid:14)(cid:1) (cid:14)(cid:5)(cid:11)(cid:10)(cid:16)(cid:1) (cid:10)(cid:10)(cid:16)(cid:5)(cid:9)(cid:11)(cid:13)(cid:1) (cid:11)(cid:5)(cid:16)(cid:16)(cid:13)(cid:1) (cid:12)(cid:18)(cid:16)(cid:1) (cid:10)(cid:18)(cid:1) (cid:12)(cid:17)(cid:14)(cid:1) (cid:12)(cid:5)(cid:14)(cid:16)(cid:14)(cid:1),,,,,,(cid:10)(cid:11)(cid:9)(cid:5)(cid:14)(cid:18)(cid:18)(cid:1)
(cid:633)(cid:635)(cid:1063)(cid:778),(cid:3)(cid:3)(cid:3)(cid:12)(cid:12)(cid:12)(cid:9)(cid:9)(cid:9)(cid:4)(cid:4)(cid:4) (cid:12)(cid:12)(cid:12)(cid:1)(cid:1)(cid:1) (cid:58)(cid:58)(cid:58)(cid:1)(cid:1)(cid:1) (cid:10)(cid:10)(cid:10)(cid:13)(cid:13)(cid:13)(cid:1)(cid:1)(cid:1) (cid:3)(cid:3)(cid:3)(cid:10)(cid:10)(cid:10)(cid:12)(cid:12)(cid:12)(cid:4)(cid:4)(cid:4) (cid:3)(cid:3)(cid:3)(cid:12)(cid:12)(cid:12)(cid:12)(cid:12)(cid:12)(cid:18)(cid:18)(cid:18)(cid:4)(cid:4)(cid:4) (cid:12)(cid:12)(cid:12)(cid:15)(cid:15)(cid:15)(cid:1)(cid:1)(cid:1) (cid:58)(cid:58)(cid:58)(cid:1)(cid:1)(cid:1) (cid:15)(cid:15)(cid:15)(cid:13)(cid:13)(cid:13)(cid:1)(cid:1)(cid:1) (cid:3)(cid:3)(cid:3)(cid:11)(cid:11)(cid:11)(cid:12)(cid:12)(cid:12)(cid:18)(cid:18)(cid:18)(cid:4)(cid:4)(cid:4),,,,,,(cid:1)(cid:1)(cid:1) (cid:3)(cid:3)(cid:3)(cid:11)(cid:11)(cid:11)(cid:14)(cid:14)(cid:14)(cid:11)(cid:11)(cid:11)(cid:4)(cid:4)(cid:4)
(cid:633)(cid:635)(cid:1051)(cid:202),(cid:10)(cid:10)(cid:10)(cid:10)(cid:9)(cid:9)(cid:9)(cid:9)(cid:15)(cid:15)(cid:15)(cid:15)(cid:5)(cid:5)(cid:5)(cid:5)(cid:13)(cid:13)(cid:13)(cid:13)(cid:13)(cid:13)(cid:13)(cid:13)(cid:9)(cid:9)(cid:9)(cid:9)(cid:1)(cid:1)(cid:1)(cid:1) (cid:13)(cid:13)(cid:13)(cid:13)(cid:5)(cid:5)(cid:5)(cid:5)(cid:15)(cid:15)(cid:15)(cid:15)(cid:16)(cid:16)(cid:16)(cid:16)(cid:18)(cid:18)(cid:18)(cid:18)(cid:1)(cid:1)(cid:1)(cid:1) (cid:16)(cid:16)(cid:16)(cid:16)(cid:10)(cid:10)(cid:10)(cid:10)(cid:14)(cid:14)(cid:14)(cid:14)(cid:1)(cid:1)(cid:1)(cid:1) (cid:14)(cid:14)(cid:14)(cid:14)(cid:5)(cid:5)(cid:5)(cid:5)(cid:11)(cid:11)(cid:11)(cid:11)(cid:9)(cid:9)(cid:9)(cid:9)(cid:12)(cid:12)(cid:12)(cid:12)(cid:1)(cid:1)(cid:1)(cid:1) (cid:10)(cid:10)(cid:10)(cid:10)(cid:10)(cid:10)(cid:10)(cid:10)(cid:16)(cid:16)(cid:16)(cid:16)(cid:5)(cid:5)(cid:5)(cid:5)(cid:9)(cid:9)(cid:9)(cid:9)(cid:12)(cid:12)(cid:12)(cid:12)(cid:16)(cid:16)(cid:16)(cid:16)(cid:1)(cid:1)(cid:1)(cid:1) (cid:12)(cid:12)(cid:12)(cid:12)(cid:5)(cid:5)(cid:5)(cid:5)(cid:10)(cid:10)(cid:10)(cid:10)(cid:10)(cid:10)(cid:10)(cid:10)(cid:12)(cid:12)(cid:12)(cid:12)(cid:1)(cid:1)(cid:1)(cid:1) (cid:12)(cid:12)(cid:12)(cid:12)(cid:15)(cid:15)(cid:15)(cid:15)(cid:10)(cid:10)(cid:10)(cid:10)(cid:1)(cid:1)(cid:1)(cid:1) (cid:10)(cid:10)(cid:10)(cid:10)(cid:18)(cid:18)(cid:18)(cid:18)(cid:1)(cid:1)(cid:1)(cid:1) (cid:12)(cid:12)(cid:12)(cid:12)(cid:11)(cid:11)(cid:11)(cid:11)(cid:10)(cid:10)(cid:10)(cid:10)(cid:1)(cid:1)(cid:1)(cid:1) (cid:12)(cid:12)(cid:12)(cid:12)(cid:5)(cid:5)(cid:5)(cid:5)(cid:17)(cid:17)(cid:17)(cid:17)(cid:10)(cid:10)(cid:10)(cid:10)(cid:13)(cid:13)(cid:13)(cid:13)(cid:1)(cid:1)(cid:1)(cid:1),,,,,,(cid:10)(cid:10)(cid:10)(cid:10)(cid:11)(cid:11)(cid:11)(cid:11)(cid:9)(cid:9)(cid:9)(cid:9)(cid:5)(cid:5)(cid:5)(cid:5)(cid:17)(cid:17)(cid:17)(cid:17)(cid:14)(cid:14)(cid:14)(cid:14)(cid:10)(cid:10)(cid:10)(cid:10)(cid:1)(cid:1)(cid:1)(cid:1)
"(cid:322)(cid:11)(cid:9)(cid:11)(cid:12)(cid:248)(cid:10)(cid:11)(cid:337)(cid:12)(cid:10)(cid:325)(cid:413)
(cid:340)(cid:342)(cid:448)(cid:584)(cid:380)(cid:581)",(cid:10)(cid:9)(cid:15)(cid:5)(cid:13)(cid:10)(cid:9)(cid:1) (cid:13)(cid:5)(cid:15)(cid:17)(cid:11)(cid:1) (cid:16)(cid:10)(cid:14)(cid:1) (cid:14)(cid:5)(cid:11)(cid:10)(cid:16)(cid:1) (cid:10)(cid:10)(cid:16)(cid:5)(cid:9)(cid:11)(cid:13)(cid:1) (cid:11)(cid:5)(cid:16)(cid:16)(cid:13)(cid:1) (cid:12)(cid:18)(cid:16)(cid:1) (cid:10)(cid:18)(cid:1) (cid:12)(cid:17)(cid:14)(cid:1) (cid:12)(cid:5)(cid:14)(cid:16)(cid:14)(cid:1),,,,,,(cid:10)(cid:11)(cid:9)(cid:5)(cid:14)(cid:18)(cid:18)(cid:1)
